batch_size model_type doupsample lr max_length_series segment_duration num_conv_lyrs size_linear_lyr num_blocks_per_layer initial_channels lstm_hidden_size lstm_layers norm_type mean_accuracy mean_f1_score mean_gmean mean_precision mean_recall std_accuracy std_f1_score std_gmean std_precision std_recall total_params
128	cnnbatchnorm	SMOTEENN	0.001	4000	100	4	32	2	8	0	0	'per-timestep'	0.9793	0.9682	0.9822	0.9691	0.9685	0.0094	0.0086	0.0048	0.0076	0.0098	21014
128	cnnbatchnorm	SMOTEENN	0.001	4000	100	4	32	4	8	0	0	'per-timestep'	0.9783	0.9662	0.9807	0.9665	0.9668	0.0087	0.0074	0.0046	0.0073	0.0079	21014
128	cnnbatchnorm	SMOTEENN	0.001	4000	50	4	32	4	8	0	0	'per-timestep'	0.9781	0.9702	0.9829	0.9704	0.9703	0.0036	0.0054	0.0032	0.0056	0.0053	14870
128	cnnbatchnorm	SMOTEENN	0.001	4000	50	4	32	4	8	0	0	'per-timestep'	0.9775	0.9692	0.9822	0.9692	0.9696	0.0030	0.0040	0.0024	0.0041	0.0042	14870
128	cnnbatchnorm	SMOTEENN	0.001	4000	50	4	32	2	8	0	0	'per-timestep'	0.9774	0.9691	0.9823	0.9693	0.9693	0.0046	0.0063	0.0036	0.0062	0.0065	14870
128	cnnbatchnorm	SMOTEENN	0.001	4000	100	4	32	2	8	0	0	'per-timestep'	0.9762	0.9609	0.9780	0.9617	0.9616	0.0124	0.0141	0.0081	0.0134	0.0142	21014
128	cnnbatchnorm	SMOTEENN	0.001	4000	50	4	32	2	8	0	0	'per-timestep'	0.9762	0.9676	0.9818	0.9686	0.9672	0.0032	0.0045	0.0023	0.0039	0.0049	14870
128	cnnbatchnorm	SMOTEENN	0.001	4000	100	4	32	4	8	0	0	'per-timestep'	0.9746	0.9662	0.9802	0.9665	0.9673	0.0124	0.0127	0.0070	0.0112	0.0140	21014
128	cnn1	SMOTEENN	0.001	4000	50	4	32	2	8	0	0	'per-timestep'	0.9714	0.9605	0.9777	0.9617	0.9602	0.0059	0.0086	0.0048	0.0081	0.0084	14630
128	cnn1	SMOTEENN	0.001	4000	50	4	32	4	8	0	0	'per-timestep'	0.9714	0.9606	0.9778	0.9618	0.9601	0.0050	0.0072	0.0041	0.0069	0.0076	14630
128	cnn1	SMOTEENN	0.001	4000	50	4	32	2	8	0	0	'per-timestep'	0.9693	0.9575	0.9759	0.9585	0.9575	0.0044	0.0065	0.0037	0.0062	0.0068	14630
128	cnn1	SMOTEENN	0.001	4000	50	4	32	4	8	0	0	'per-timestep'	0.9693	0.9574	0.9760	0.9587	0.9569	0.0034	0.0048	0.0025	0.0043	0.0052	14630
128	cnnskip	SMOTEENN	0.001	4000	100	2	32	2	8	0	0	'per-timestep'	0.9687	0.9480	0.9706	0.9489	0.9489	0.0092	0.0106	0.0065	0.0108	0.0099	4094
128	cnnskip	SMOTEENN	0.001	4000	50	2	32	2	8	0	0	'per-timestep'	0.9678	0.9556	0.9743	0.9556	0.9560	0.0036	0.0051	0.0033	0.0056	0.0047	4094
128	cnnskip	SMOTEENN	0.001	4000	100	2	32	2	8	0	0	'per-timestep'	0.9672	0.9506	0.9719	0.9518	0.9516	0.0113	0.0107	0.0065	0.0104	0.0112	4094
128	cnn1	SMOTEENN	0.001	4000	100	4	32	2	8	0	0	'per-timestep'	0.9669	0.9438	0.9694	0.9470	0.9427	0.0128	0.0176	0.0102	0.0173	0.0175	20774
128	cnn1	SMOTEENN	0.001	4000	100	4	32	4	8	0	0	'per-timestep'	0.9665	0.9451	0.9701	0.9483	0.9440	0.0146	0.0209	0.0121	0.0203	0.0203	20774
128	cnnbatchnorm	SMOTEENN	0.001	4000	50	2	32	2	8	0	0	'per-timestep'	0.9663	0.9532	0.9727	0.9531	0.9542	0.0047	0.0064	0.0037	0.0063	0.0067	6902
128	cnn1	SMOTEENN	0.001	4000	100	4	32	2	8	0	0	'per-timestep'	0.9662	0.9407	0.9667	0.9424	0.9400	0.0169	0.0279	0.0168	0.0275	0.0278	20774
128	cnnbatchnorm	SMOTEENN	0.001	4000	50	2	32	4	8	0	0	'per-timestep'	0.9659	0.9531	0.9729	0.9533	0.9535	0.0037	0.0056	0.0033	0.0057	0.0056	6902
128	cnnskip	SMOTEENN	0.001	4000	100	2	32	4	8	0	0	'per-timestep'	0.9655	0.9449	0.9696	0.9475	0.9442	0.0107	0.0117	0.0065	0.0109	0.0125	8126
128	cnnbatchnorm	SMOTEENN	0.001	4000	50	2	32	4	8	0	0	'per-timestep'	0.9654	0.9523	0.9722	0.9522	0.9531	0.0041	0.0057	0.0033	0.0056	0.0060	6902
128	cnnbatchnorm	SMOTEENN	0.001	4000	50	2	32	2	8	0	0	'per-timestep'	0.9651	0.9520	0.9721	0.9520	0.9530	0.0047	0.0069	0.0041	0.0068	0.0067	6902
128	cnnskip	SMOTEENN	0.001	4000	100	2	32	4	8	0	0	'per-timestep'	0.9651	0.9419	0.9680	0.9447	0.9413	0.0109	0.0123	0.0071	0.0116	0.0124	8126
128	cnnskip	SMOTEENN	0.001	4000	50	2	32	2	8	0	0	'per-timestep'	0.9647	0.9524	0.9727	0.9531	0.9523	0.0050	0.0069	0.0042	0.0071	0.0067	4094
128	cnn1	SMOTEENN	0.001	4000	100	4	32	4	8	0	0	'per-timestep'	0.9640	0.9416	0.9676	0.9445	0.9403	0.0180	0.0295	0.0178	0.0295	0.0293	20774
128	cnnbatchnorm	SMOTETomek	0.001	4000	100	4	32	4	8	0	0	'per-timestep'	0.9615	0.9615	0.9766	0.9615	0.9619	0.0064	0.0064	0.0040	0.0064	0.0061	21014
128	cnnbatchnorm	SMOTETomek	0.001	4000	100	4	32	4	8	0	0	'per-timestep'	0.9607	0.9607	0.9761	0.9607	0.9610	0.0037	0.0037	0.0023	0.0037	0.0037	21014
128	cnnskip	SMOTEENN	0.001	4000	50	2	32	4	8	0	0	'per-timestep'	0.9583	0.9431	0.9674	0.9441	0.9428	0.0044	0.0063	0.0038	0.0063	0.0064	8126
128	cnnbatchnorm	SMOTETomek	0.001	4000	100	4	32	2	8	0	0	'per-timestep'	0.9580	0.9579	0.9744	0.9580	0.9584	0.0089	0.0090	0.0055	0.0089	0.0091	21014
128	cnnbatchnorm	SMOTETomek	0.001	4000	100	4	32	2	8	0	0	'per-timestep'	0.9580	0.9579	0.9744	0.9580	0.9585	0.0072	0.0072	0.0044	0.0072	0.0070	21014
128	cnnskip	SMOTEENN	0.001	4000	50	2	32	4	8	0	0	'per-timestep'	0.9579	0.9432	0.9675	0.9445	0.9428	0.0049	0.0059	0.0033	0.0054	0.0064	8126
128	cnn1	SMOTEENN	0.001	4000	50	2	32	4	8	0	0	'per-timestep'	0.9568	0.9407	0.9654	0.9408	0.9411	0.0051	0.0063	0.0039	0.0064	0.0063	6854
128	cnnskip	SMOTEENN	0.001	4000	100	4	32	2	8	0	0	'per-timestep'	0.9563	0.9232	0.9568	0.9250	0.9242	0.0157	0.0177	0.0103	0.0168	0.0189	61662
128	cnn1	SMOTEENN	0.001	4000	50	2	32	4	8	0	0	'per-timestep'	0.9553	0.9375	0.9634	0.9375	0.9388	0.0075	0.0113	0.0069	0.0112	0.0110	6854
128	cnn1	SMOTEENN	0.001	4000	50	2	32	2	8	0	0	'per-timestep'	0.9551	0.9375	0.9638	0.9380	0.9376	0.0069	0.0094	0.0052	0.0086	0.0098	6854
128	cnn1	SMOTEENN	0.001	4000	50	2	32	2	8	0	0	'per-timestep'	0.9550	0.9373	0.9634	0.9373	0.9382	0.0051	0.0077	0.0046	0.0076	0.0075	6854
128	cnn1	SMOTETomek	0.001	4000	100	4	32	2	8	0	0	'per-timestep'	0.9545	0.9544	0.9723	0.9545	0.9550	0.0067	0.0067	0.0041	0.0067	0.0064	20774
128	cnnskip	SMOTEENN	0.001	4000	100	4	32	2	8	0	0	'per-timestep'	0.9538	0.9198	0.9559	0.9237	0.9196	0.0135	0.0161	0.0087	0.0143	0.0179	61662
128	cnn1	SMOTETomek	0.001	4000	100	4	32	4	8	0	0	'per-timestep'	0.9521	0.9520	0.9707	0.9521	0.9524	0.0092	0.0093	0.0058	0.0092	0.0090	20774
128	cnn1	SMOTETomek	0.001	4000	100	4	32	4	8	0	0	'per-timestep'	0.9498	0.9498	0.9694	0.9498	0.9504	0.0087	0.0089	0.0055	0.0087	0.0087	20774
128	cnn1	SMOTEENN	0.001	4000	100	2	32	2	8	0	0	'per-timestep'	0.9494	0.9227	0.9563	0.9254	0.9223	0.0117	0.0181	0.0104	0.0175	0.0191	13510
128	cnn1	SMOTETomek	0.001	4000	100	4	32	2	8	0	0	'per-timestep'	0.9492	0.9491	0.9690	0.9492	0.9497	0.0121	0.0123	0.0076	0.0121	0.0120	20774
128	cnnbatchnorm	SMOTEENN	0.001	4000	100	2	32	4	8	0	0	'per-timestep'	0.9481	0.9192	0.9532	0.9204	0.9209	0.0098	0.0135	0.0083	0.0138	0.0137	13558
128	cnnbatchnorm	SMOTEENN	0.001	4000	100	2	32	2	8	0	0	'per-timestep'	0.9473	0.9180	0.9524	0.9191	0.9199	0.0116	0.0162	0.0098	0.0163	0.0166	13558
128	cnn1	SMOTEENN	0.001	4000	100	2	32	4	8	0	0	'per-timestep'	0.9470	0.9150	0.9515	0.9170	0.9156	0.0120	0.0195	0.0111	0.0187	0.0202	13510
128	cnnbatchnorm	SMOTEENN	0.001	4000	100	2	32	4	8	0	0	'per-timestep'	0.9466	0.9174	0.9521	0.9187	0.9190	0.0097	0.0177	0.0106	0.0178	0.0173	13558
128	cnn1	SMOTEENN	0.001	4000	100	2	32	2	8	0	0	'per-timestep'	0.9459	0.9163	0.9524	0.9190	0.9163	0.0086	0.0160	0.0089	0.0152	0.0163	13510
128	cnnbatchnorm	SMOTETomek	0.001	4000	50	4	32	2	8	0	0	'per-timestep'	0.9450	0.9449	0.9665	0.9450	0.9452	0.0054	0.0054	0.0033	0.0054	0.0053	14870
128	cnn1	SMOTEENN	0.001	4000	100	2	32	4	8	0	0	'per-timestep'	0.9443	0.9144	0.9513	0.9173	0.9143	0.0089	0.0202	0.0120	0.0200	0.0203	13510
128	cnnbatchnorm	SMOTETomek	0.001	4000	50	4	32	4	8	0	0	'per-timestep'	0.9441	0.9441	0.9660	0.9441	0.9446	0.0040	0.0039	0.0025	0.0040	0.0039	14870
128	cnnskip	SMOTEENN	0.001	4000	100	4	32	4	8	0	0	'per-timestep'	0.9441	0.9034	0.9469	0.9083	0.9018	0.0143	0.0211	0.0123	0.0203	0.0215	127902
128	cnnbatchnorm	SMOTETomek	0.001	4000	50	4	32	4	8	0	0	'per-timestep'	0.9439	0.9439	0.9658	0.9439	0.9443	0.0041	0.0041	0.0025	0.0041	0.0041	14870
128	cnnbatchnorm	SMOTEENN	0.001	4000	100	2	32	2	8	0	0	'per-timestep'	0.9433	0.9134	0.9497	0.9147	0.9154	0.0090	0.0180	0.0100	0.0169	0.0185	13558
128	cnnbatchnorm	SMOTETomek	0.001	4000	50	4	32	2	8	0	0	'per-timestep'	0.9431	0.9430	0.9653	0.9431	0.9434	0.0050	0.0051	0.0031	0.0050	0.0051	14870
128	cnnskip	SMOTEENN	0.001	4000	50	4	32	2	8	0	0	'per-timestep'	0.9426	0.9222	0.9551	0.9237	0.9220	0.0102	0.0133	0.0083	0.0136	0.0132	61662
128	cnnskip	SMOTEENN	0.001	4000	50	4	32	4	8	0	0	'per-timestep'	0.9402	0.9189	0.9532	0.9206	0.9183	0.0147	0.0200	0.0120	0.0197	0.0201	127902
128	cnnskip	SMOTEENN	0.001	4000	50	4	32	2	8	0	0	'per-timestep'	0.9396	0.9183	0.9531	0.9205	0.9173	0.0126	0.0170	0.0099	0.0164	0.0173	61662
128	cnnskip	SMOTEENN	0.001	4000	50	4	32	4	8	0	0	'per-timestep'	0.9393	0.9177	0.9522	0.9189	0.9176	0.0111	0.0146	0.0082	0.0134	0.0152	127902
128	cnnskip	SMOTEENN	0.001	4000	100	4	32	4	8	0	0	'per-timestep'	0.9385	0.8954	0.9415	0.8999	0.8946	0.0174	0.0245	0.0155	0.0252	0.0238	127902
128	cnnskip	SMOTETomek	0.001	4000	100	2	32	2	8	0	0	'per-timestep'	0.9382	0.9381	0.9622	0.9382	0.9386	0.0061	0.0062	0.0038	0.0061	0.0059	4094
128	cnn1	SMOTETomek	0.001	4000	50	4	32	2	8	0	0	'per-timestep'	0.9376	0.9375	0.9619	0.9376	0.9381	0.0060	0.0061	0.0038	0.0060	0.0061	14630
128	cnn1	SMOTETomek	0.001	4000	50	4	32	4	8	0	0	'per-timestep'	0.9376	0.9377	0.9619	0.9376	0.9385	0.0060	0.0060	0.0038	0.0060	0.0058	14630
128	cnn1	SMOTETomek	0.001	4000	50	4	32	4	8	0	0	'per-timestep'	0.9371	0.9371	0.9616	0.9371	0.9379	0.0073	0.0073	0.0046	0.0073	0.0069	14630
128	cnn1	SMOTETomek	0.001	4000	50	4	32	2	8	0	0	'per-timestep'	0.9347	0.9346	0.9600	0.9347	0.9354	0.0059	0.0060	0.0037	0.0059	0.0062	14630
128	cnnskip	SMOTETomek	0.001	4000	100	2	32	2	8	0	0	'per-timestep'	0.9342	0.9340	0.9597	0.9342	0.9342	0.0070	0.0071	0.0044	0.0070	0.0072	4094
128	cnnbatchnorm	SMOTETomek	0.001	4000	50	2	32	4	8	0	0	'per-timestep'	0.9223	0.9221	0.9523	0.9223	0.9223	0.0045	0.0047	0.0029	0.0045	0.0047	6902
128	cnnbatchnorm	SMOTETomek	0.001	4000	50	2	32	2	8	0	0	'per-timestep'	0.9209	0.9207	0.9514	0.9209	0.9209	0.0061	0.0062	0.0039	0.0061	0.0063	6902
128	cnnskip	SMOTETomek	0.001	4000	100	2	32	4	8	0	0	'per-timestep'	0.9205	0.9200	0.9510	0.9205	0.9208	0.0130	0.0134	0.0084	0.0130	0.0132	8126
128	cnnbatchnorm	SMOTETomek	0.001	4000	50	2	32	4	8	0	0	'per-timestep'	0.9200	0.9199	0.9509	0.9200	0.9203	0.0055	0.0055	0.0035	0.0055	0.0055	6902
128	cnnbatchnorm	SMOTETomek	0.001	4000	50	2	32	2	8	0	0	'per-timestep'	0.9196	0.9195	0.9507	0.9196	0.9197	0.0050	0.0050	0.0031	0.0050	0.0050	6902
128	cnnskip	SMOTETomek	0.001	4000	50	2	32	2	8	0	0	'per-timestep'	0.9186	0.9184	0.9500	0.9186	0.9191	0.0081	0.0083	0.0052	0.0081	0.0082	4094
128	cnnskip	SMOTETomek	0.001	4000	100	2	32	4	8	0	0	'per-timestep'	0.9174	0.9171	0.9491	0.9174	0.9179	0.0132	0.0135	0.0085	0.0132	0.0132	8126
128	cnnskip	SMOTETomek	0.001	4000	50	2	32	2	8	0	0	'per-timestep'	0.9158	0.9158	0.9483	0.9158	0.9165	0.0046	0.0044	0.0029	0.0046	0.0041	4094
128	cnnbatchnorm	SMOTETomek	0.001	4000	100	2	32	4	8	0	0	'per-timestep'	0.9104	0.9099	0.9446	0.9104	0.9104	0.0095	0.0097	0.0061	0.0095	0.0098	13558
128	cnnbatchnorm	SMOTETomek	0.001	4000	100	2	32	2	8	0	0	'per-timestep'	0.9095	0.9088	0.9440	0.9095	0.9093	0.0125	0.0129	0.0081	0.0125	0.0131	13558
128	cnnskip	SMOTETomek	0.001	4000	50	2	32	4	8	0	0	'per-timestep'	0.9084	0.9083	0.9436	0.9084	0.9090	0.0076	0.0078	0.0049	0.0076	0.0080	8126
128	cnnbatchnorm	SMOTETomek	0.001	4000	100	2	32	4	8	0	0	'per-timestep'	0.9083	0.9076	0.9432	0.9083	0.9077	0.0126	0.0129	0.0081	0.0126	0.0127	13558
128	cnnbatchnorm	SMOTETomek	0.001	4000	100	2	32	2	8	0	0	'per-timestep'	0.9070	0.9063	0.9424	0.9070	0.9065	0.0111	0.0111	0.0071	0.0111	0.0108	13558
128	cnnskip	SMOTETomek	0.001	4000	50	2	32	4	8	0	0	'per-timestep'	0.9056	0.9052	0.9417	0.9056	0.9059	0.0068	0.0071	0.0044	0.0068	0.0072	8126
128	cnn1	SMOTETomek	0.001	4000	50	2	32	2	8	0	0	'per-timestep'	0.9028	0.9025	0.9399	0.9028	0.9028	0.0085	0.0087	0.0055	0.0085	0.0085	6854
128	cnn1	SMOTETomek	0.001	4000	50	2	32	4	8	0	0	'per-timestep'	0.8998	0.8996	0.9381	0.8998	0.8999	0.0058	0.0059	0.0037	0.0058	0.0062	6854
128	cnn1	SMOTETomek	0.001	4000	50	2	32	2	8	0	0	'per-timestep'	0.8993	0.8990	0.9377	0.8993	0.8991	0.0070	0.0071	0.0046	0.0070	0.0070	6854
128	cnn1	SMOTETomek	0.001	4000	50	2	32	4	8	0	0	'per-timestep'	0.8986	0.8983	0.9372	0.8986	0.8988	0.0080	0.0082	0.0053	0.0080	0.0078	6854
128	cnn1	SMOTETomek	0.001	4000	100	2	32	2	8	0	0	'per-timestep'	0.8788	0.8779	0.9240	0.8788	0.8787	0.0126	0.0130	0.0083	0.0126	0.0129	13510
128	cnn1	SMOTETomek	0.001	4000	100	2	32	2	8	0	0	'per-timestep'	0.8769	0.8762	0.9229	0.8769	0.8771	0.0155	0.0157	0.0101	0.0155	0.0158	13510
128	cnn1	SMOTETomek	0.001	4000	100	2	32	4	8	0	0	'per-timestep'	0.8769	0.8754	0.9225	0.8769	0.8764	0.0141	0.0147	0.0096	0.0141	0.0141	13510
128	cnnskip	SMOTETomek	0.001	4000	100	4	32	2	8	0	0	'per-timestep'	0.8759	0.8751	0.9223	0.8759	0.8764	0.0166	0.0168	0.0107	0.0166	0.0174	61662
128	cnn1	SMOTETomek	0.001	4000	100	2	32	4	8	0	0	'per-timestep'	0.8748	0.8735	0.9213	0.8748	0.8741	0.0085	0.0087	0.0057	0.0085	0.0088	13510
128	cnnskip	SMOTETomek	0.001	4000	50	4	32	2	8	0	0	'per-timestep'	0.8721	0.8718	0.9203	0.8721	0.8730	0.0101	0.0101	0.0066	0.0101	0.0099	61662
128	cnnskip	SMOTETomek	0.001	4000	50	4	32	2	8	0	0	'per-timestep'	0.8693	0.8688	0.9184	0.8693	0.8698	0.0084	0.0084	0.0055	0.0084	0.0088	61662
128	cnnskip	SMOTETomek	0.001	4000	50	4	32	4	8	0	0	'per-timestep'	0.8669	0.8667	0.9168	0.8669	0.8687	0.0129	0.0131	0.0086	0.0129	0.0119	127902
128	cnnskip	SMOTETomek	0.001	4000	50	4	32	4	8	0	0	'per-timestep'	0.8656	0.8649	0.9158	0.8656	0.8661	0.0140	0.0142	0.0093	0.0140	0.0137	127902
128	cnnskip	SMOTETomek	0.001	4000	100	4	32	2	8	0	0	'per-timestep'	0.8646	0.8633	0.9148	0.8646	0.8642	0.0129	0.0138	0.0088	0.0129	0.0140	61662
128	cnnskip	SMOTETomek	0.001	4000	100	4	32	4	8	0	0	'per-timestep'	0.8578	0.8567	0.9104	0.8578	0.8573	0.0231	0.0238	0.0155	0.0231	0.0242	127902
128	cnnskip	SMOTETomek	0.001	4000	100	4	32	4	8	0	0	'per-timestep'	0.8536	0.8529	0.9076	0.8536	0.8551	0.0223	0.0225	0.0147	0.0223	0.0229	127902
