batch_size transformermodel doupsample lr max_length_series segment_duration nhead_encoder conv1d_kernel_size bool_conv1d_emb embed_size dim_feedforward norm_type num_encoderlayers size_linear_layers mean_accuracy mean_f1_score mean_gmean mean_precision mean_recall std_accuracy std_f1_score std_gmean std_precision std_recall total_params
128	trans1	SMOTEENN	0.001	4000	50	16	7	True	64	32	'per-channel'	6	32	0.9885	0.9837	0.9908	0.9838	0.9838	0.0027	0.0037	0.0020	0.0035	0.0040	252710
128	trans1	SMOTEENN	0.001	4000	50	16	7	False	64	32	'per-channel'	6	32	0.9883	0.9838	0.9906	0.9835	0.9841	0.0026	0.0033	0.0020	0.0034	0.0033	252710
128	trans1	SMOTEENN	0.001	4000	50	32	7	False	64	32	'per-channel'	6	32	0.9881	0.9834	0.9906	0.9837	0.9832	0.0027	0.0035	0.0018	0.0031	0.0040	252710
128	trans1	SMOTEENN	0.001	4000	50	32	7	True	64	32	'per-channel'	4	16	0.9880	0.9831	0.9903	0.9831	0.9832	0.0019	0.0025	0.0014	0.0024	0.0028	209910
128	trans1	SMOTEENN	0.001	4000	50	32	7	False	64	32	'per-channel'	4	32	0.9880	0.9830	0.9903	0.9830	0.9831	0.0020	0.0025	0.0013	0.0021	0.0029	210534
128	trans1	SMOTEENN	0.001	4000	50	16	7	True	64	32	'per-channel'	4	16	0.9877	0.9828	0.9903	0.9831	0.9827	0.0024	0.0029	0.0015	0.0025	0.0033	209910
128	trans1	SMOTEENN	0.001	4000	50	32	7	False	64	32	'per-channel'	4	16	0.9877	0.9828	0.9903	0.9830	0.9827	0.0029	0.0040	0.0021	0.0037	0.0043	209910
128	trans1	SMOTEENN	0.001	4000	50	32	7	True	64	32	'per-channel'	4	32	0.9877	0.9825	0.9899	0.9824	0.9828	0.0025	0.0032	0.0019	0.0033	0.0032	210534
128	trans1	SMOTEENN	0.001	4000	50	16	7	True	64	32	'per-channel'	4	32	0.9877	0.9824	0.9900	0.9825	0.9824	0.0026	0.0035	0.0019	0.0034	0.0037	210534
128	trans1	SMOTEENN	0.001	4000	50	16	7	True	64	32	'per-channel'	6	16	0.9876	0.9824	0.9900	0.9825	0.9824	0.0020	0.0027	0.0014	0.0025	0.0030	252086
128	trans1	SMOTEENN	0.001	4000	50	32	7	False	64	32	'per-channel'	6	16	0.9876	0.9824	0.9900	0.9826	0.9823	0.0020	0.0030	0.0017	0.0030	0.0030	252086
128	trans1	SMOTEENN	0.001	4000	50	32	7	True	64	32	'per-channel'	6	32	0.9872	0.9819	0.9898	0.9822	0.9817	0.0032	0.0043	0.0023	0.0040	0.0046	252710
128	trans1	SMOTEENN	0.001	4000	50	16	7	False	64	32	'per-channel'	4	16	0.9871	0.9819	0.9898	0.9822	0.9817	0.0031	0.0043	0.0023	0.0039	0.0046	209910
128	trans1	SMOTEENN	0.001	4000	50	32	7	True	64	32	'per-channel'	6	16	0.9869	0.9817	0.9896	0.9820	0.9818	0.0041	0.0054	0.0030	0.0051	0.0055	252086
128	trans1	SMOTEENN	0.001	4000	50	16	7	False	64	32	'per-channel'	4	32	0.9869	0.9815	0.9893	0.9812	0.9820	0.0035	0.0047	0.0027	0.0047	0.0047	210534
128	trans1	SMOTEENN	0.001	4000	50	16	7	False	64	32	'per-channel'	6	16	0.9862	0.9807	0.9892	0.9813	0.9804	0.0035	0.0042	0.0023	0.0038	0.0046	252086
128	trans1	SMOTEENN	0.001	4000	50	16	7	True	32	32	'per-channel'	6	16	0.9847	0.9786	0.9878	0.9787	0.9786	0.0021	0.0028	0.0016	0.0028	0.0030	97814
128	trans1	SMOTEENN	0.001	4000	50	32	7	True	32	32	'per-channel'	6	16	0.9847	0.9783	0.9876	0.9784	0.9785	0.0024	0.0034	0.0020	0.0034	0.0034	97814
128	trans1	SMOTEENN	0.001	4000	50	32	7	False	32	32	'per-channel'	4	32	0.9845	0.9779	0.9872	0.9776	0.9784	0.0027	0.0035	0.0022	0.0038	0.0033	85510
128	trans1	SMOTEENN	0.001	4000	50	16	7	False	32	32	'per-channel'	6	16	0.9844	0.9779	0.9873	0.9779	0.9782	0.0024	0.0033	0.0019	0.0033	0.0034	97814
128	trans1	SMOTEENN	0.001	4000	50	32	7	False	32	32	'per-channel'	6	16	0.9843	0.9782	0.9875	0.9782	0.9785	0.0036	0.0047	0.0027	0.0045	0.0050	97814
128	trans1	SMOTEENN	0.001	4000	50	16	7	False	32	32	'per-channel'	6	32	0.9837	0.9769	0.9868	0.9770	0.9771	0.0033	0.0045	0.0024	0.0040	0.0049	98438
128	trans1	SMOTEENN	0.001	4000	50	32	7	True	32	32	'per-channel'	4	32	0.9836	0.9769	0.9866	0.9766	0.9774	0.0028	0.0038	0.0021	0.0037	0.0040	85510
128	trans1	SMOTEENN	0.001	4000	50	32	7	False	32	32	'per-channel'	6	32	0.9835	0.9767	0.9865	0.9764	0.9773	0.0038	0.0049	0.0029	0.0049	0.0048	98438
128	trans1	SMOTEENN	0.001	4000	50	32	7	True	32	32	'per-channel'	6	32	0.9834	0.9767	0.9866	0.9766	0.9770	0.0035	0.0043	0.0023	0.0039	0.0048	98438
128	trans1	SMOTEENN	0.001	4000	50	16	7	True	32	32	'per-channel'	4	32	0.9832	0.9765	0.9864	0.9763	0.9768	0.0022	0.0028	0.0016	0.0027	0.0031	85510
128	trans1	SMOTEENN	0.001	4000	50	16	7	False	32	32	'per-channel'	4	32	0.9832	0.9764	0.9864	0.9764	0.9767	0.0030	0.0039	0.0023	0.0040	0.0040	85510
128	trans1	SMOTEENN	0.001	4000	50	16	7	True	32	32	'per-channel'	4	16	0.9831	0.9761	0.9863	0.9761	0.9763	0.0029	0.0038	0.0023	0.0039	0.0038	84886
128	trans1	SMOTEENN	0.001	4000	50	16	7	False	32	32	'per-channel'	4	16	0.9830	0.9763	0.9863	0.9762	0.9767	0.0030	0.0039	0.0021	0.0036	0.0042	84886
128	trans1	SMOTEENN	0.001	4000	50	16	7	True	32	32	'per-channel'	6	32	0.9830	0.9761	0.9864	0.9763	0.9760	0.0037	0.0050	0.0027	0.0046	0.0053	98438
128	trans1	SMOTEENN	0.001	4000	50	32	7	False	32	32	'per-channel'	4	16	0.9830	0.9761	0.9861	0.9757	0.9767	0.0029	0.0039	0.0023	0.0040	0.0039	84886
128	trans1	SMOTEENN	0.001	4000	50	32	7	True	32	32	'per-channel'	4	16	0.9826	0.9755	0.9858	0.9752	0.9761	0.0026	0.0034	0.0020	0.0034	0.0035	84886
128	trans1	SMOTETomek	0.001	4000	50	32	7	True	64	32	'per-channel'	6	16	0.9728	0.9728	0.9836	0.9728	0.9730	0.0028	0.0028	0.0017	0.0028	0.0028	252086
128	trans1	SMOTETomek	0.001	4000	50	16	7	False	64	32	'per-channel'	4	16	0.9723	0.9723	0.9833	0.9723	0.9724	0.0026	0.0026	0.0016	0.0026	0.0026	209910
128	trans1	SMOTETomek	0.001	4000	50	16	7	False	64	32	'per-channel'	6	32	0.9723	0.9723	0.9833	0.9723	0.9724	0.0041	0.0042	0.0025	0.0041	0.0041	252710
128	trans1	SMOTETomek	0.001	4000	50	32	7	True	64	32	'per-channel'	6	32	0.9723	0.9723	0.9832	0.9723	0.9725	0.0038	0.0038	0.0023	0.0038	0.0037	252710
128	trans1	SMOTETomek	0.001	4000	50	16	7	True	64	32	'per-channel'	6	32	0.9721	0.9721	0.9831	0.9721	0.9723	0.0030	0.0030	0.0018	0.0030	0.0029	252710
128	trans1	SMOTETomek	0.001	4000	50	16	7	True	64	32	'per-channel'	4	32	0.9715	0.9715	0.9828	0.9715	0.9716	0.0039	0.0039	0.0024	0.0039	0.0039	210534
128	trans1	SMOTETomek	0.001	4000	50	16	7	True	64	32	'per-channel'	4	16	0.9713	0.9713	0.9826	0.9713	0.9714	0.0032	0.0032	0.0020	0.0032	0.0032	209910
128	trans1	SMOTETomek	0.001	4000	50	32	7	False	64	32	'per-channel'	6	32	0.9713	0.9713	0.9826	0.9713	0.9714	0.0055	0.0055	0.0034	0.0055	0.0055	252710
128	trans1	SMOTETomek	0.001	4000	50	32	7	False	64	32	'per-channel'	6	16	0.9711	0.9711	0.9825	0.9711	0.9712	0.0042	0.0042	0.0026	0.0042	0.0042	252086
128	trans1	SMOTETomek	0.001	4000	50	16	7	False	64	32	'per-channel'	6	16	0.9709	0.9709	0.9824	0.9709	0.9710	0.0030	0.0031	0.0019	0.0030	0.0030	252086
128	trans1	SMOTETomek	0.001	4000	50	32	7	False	64	32	'per-channel'	4	32	0.9709	0.9709	0.9824	0.9709	0.9711	0.0042	0.0042	0.0026	0.0042	0.0041	210534
128	trans1	SMOTETomek	0.001	4000	50	16	7	False	64	32	'per-channel'	4	32	0.9707	0.9707	0.9823	0.9707	0.9707	0.0037	0.0037	0.0023	0.0037	0.0036	210534
128	trans1	SMOTETomek	0.001	4000	50	32	7	True	64	32	'per-channel'	4	32	0.9697	0.9697	0.9817	0.9697	0.9698	0.0039	0.0040	0.0024	0.0039	0.0039	210534
128	trans1	SMOTETomek	0.001	4000	50	32	7	False	64	32	'per-channel'	4	16	0.9696	0.9696	0.9816	0.9696	0.9697	0.0043	0.0043	0.0026	0.0043	0.0042	209910
128	trans1	SMOTETomek	0.001	4000	50	32	7	True	64	32	'per-channel'	4	16	0.9695	0.9694	0.9815	0.9695	0.9696	0.0045	0.0045	0.0027	0.0045	0.0045	209910
128	trans1	SMOTETomek	0.001	4000	50	16	7	True	64	32	'per-channel'	6	16	0.9691	0.9690	0.9813	0.9691	0.9692	0.0039	0.0039	0.0024	0.0039	0.0039	252086
128	trans1	SMOTETomek	0.001	4000	50	16	7	False	32	32	'per-channel'	6	32	0.9602	0.9602	0.9759	0.9602	0.9604	0.0052	0.0052	0.0032	0.0052	0.0051	98438
128	trans1	SMOTETomek	0.001	4000	50	32	7	False	32	32	'per-channel'	6	16	0.9590	0.9591	0.9752	0.9590	0.9593	0.0066	0.0065	0.0040	0.0066	0.0065	97814
128	trans1	SMOTETomek	0.001	4000	50	32	7	False	32	32	'per-channel'	4	16	0.9587	0.9587	0.9749	0.9587	0.9589	0.0065	0.0065	0.0040	0.0065	0.0064	84886
128	trans1	SMOTETomek	0.001	4000	50	32	7	False	32	32	'per-channel'	6	32	0.9585	0.9585	0.9748	0.9585	0.9588	0.0054	0.0054	0.0033	0.0054	0.0054	98438
128	trans1	SMOTETomek	0.001	4000	50	32	7	True	32	32	'per-channel'	4	16	0.9582	0.9581	0.9746	0.9582	0.9584	0.0052	0.0052	0.0032	0.0052	0.0050	84886
128	trans1	SMOTETomek	0.001	4000	50	32	7	True	32	32	'per-channel'	6	16	0.9582	0.9581	0.9746	0.9582	0.9584	0.0048	0.0049	0.0030	0.0048	0.0048	97814
128	trans1	SMOTETomek	0.001	4000	50	16	7	True	32	32	'per-channel'	6	16	0.9580	0.9580	0.9745	0.9580	0.9583	0.0067	0.0067	0.0041	0.0067	0.0065	97814
128	trans1	SMOTETomek	0.001	4000	50	32	7	True	32	32	'per-channel'	6	32	0.9574	0.9574	0.9741	0.9574	0.9577	0.0059	0.0059	0.0036	0.0059	0.0056	98438
128	trans1	SMOTETomek	0.001	4000	50	16	7	True	32	32	'per-channel'	6	32	0.9572	0.9571	0.9740	0.9572	0.9573	0.0062	0.0062	0.0038	0.0062	0.0061	98438
128	trans1	SMOTETomek	0.001	4000	50	16	7	False	32	32	'per-channel'	6	16	0.9570	0.9570	0.9739	0.9570	0.9574	0.0047	0.0046	0.0029	0.0047	0.0043	97814
128	trans1	SMOTETomek	0.001	4000	50	16	7	False	32	32	'per-channel'	4	32	0.9569	0.9568	0.9738	0.9569	0.9570	0.0053	0.0053	0.0032	0.0053	0.0052	85510
128	trans1	SMOTETomek	0.001	4000	50	32	7	True	32	32	'per-channel'	4	32	0.9567	0.9567	0.9737	0.9567	0.9569	0.0056	0.0055	0.0034	0.0056	0.0053	85510
128	trans1	SMOTETomek	0.001	4000	50	16	7	True	32	32	'per-channel'	4	32	0.9564	0.9564	0.9735	0.9564	0.9567	0.0038	0.0038	0.0024	0.0038	0.0037	85510
128	trans1	SMOTETomek	0.001	4000	50	16	7	True	32	32	'per-channel'	4	16	0.9563	0.9562	0.9734	0.9563	0.9565	0.0041	0.0042	0.0026	0.0041	0.0040	84886
128	trans1	SMOTETomek	0.001	4000	50	32	7	False	32	32	'per-channel'	4	32	0.9554	0.9554	0.9729	0.9554	0.9556	0.0068	0.0068	0.0042	0.0068	0.0067	85510
128	trans1	SMOTETomek	0.001	4000	50	16	7	False	32	32	'per-channel'	4	16	0.9544	0.9543	0.9722	0.9544	0.9547	0.0057	0.0058	0.0035	0.0057	0.0055	84886
